4
[  8.72546857e-09   1.47766996e-04   9.95672163e-07   1.02470263e-05
   9.95273305e-01   1.83489677e-05   1.42228115e-04   6.96601499e-03
   2.92815676e-04   3.29001027e-03]
5
[  1.36761417e-01   4.81426482e-04   7.64980900e-08   3.96435934e-03
   4.64996068e-06   9.68923477e-01   6.94912191e-06   7.07233923e-04
   5.25515784e-02   9.05626657e-08]
6
[  1.88977754e-05   5.04096487e-06   2.63652102e-03   1.22082538e-06
   3.68260787e-04   2.42979186e-04   9.99056927e-01   3.28738147e-07
   1.41828878e-05   1.22023313e-05]
7
[  5.81552175e-09   1.68483561e-03   3.74534651e-05   1.73372207e-03
   1.07428163e-04   1.27428546e-06   9.36572857e-10   9.90214483e-01
   2.96907462e-04   1.55139839e-03]
8
[  1.01489355e-02   1.27631914e-02   5.11213509e-05   4.49272530e-01
   3.47260280e-08   1.39112085e-01   9.66386234e-09   3.44050420e-04
   1.34997333e-01   1.72040816e-04]
9
[  2.98313544e-05   1.00710373e-03   1.63445249e-06   5.35836412e-05
   1.32135887e-02   3.08480280e-05   5.79704810e-09   4.67677792e-03
   1.45477402e-04   9.79091350e-01]
0
[  9.42581133e-01   1.98686370e-05   7.10337276e-06   6.77586358e-05
   2.47288962e-06   1.54550937e-01   2.16153675e-04   8.17157326e-04
   1.07436927e-03   6.61372170e-08]
1
[  1.49524308e-07   9.92666446e-01   2.69044800e-03   2.70808134e-03
   6.13463236e-06   6.20411262e-05   7.68581921e-06   3.94635343e-07
   4.21635897e-03   1.20229240e-04]
2
[  2.20898833e-04   6.09448831e-05   9.65094831e-01   2.49231321e-01
   3.36519790e-07   8.93273266e-08   7.45647150e-04   1.67512014e-02
   7.40099477e-06   1.71080615e-08]
3
[  6.54981108e-05   9.02918806e-03   9.52324616e-05   9.99278496e-01
   8.72584139e-08   3.69034713e-02   3.52198698e-07   2.34405157e-03
   7.24917825e-05   4.22952910e-07]
4
[  1.85552081e-09   1.47393731e-04   8.03441115e-07   1.70630725e-05
   9.94058684e-01   8.35498874e-06   1.71863352e-04   9.96168048e-03
   3.33324635e-04   2.45827283e-03]
5
[  5.58287624e-03   5.98640663e-04   1.04267421e-07   2.30066864e-02
   5.89795655e-05   8.36874572e-01   7.07230514e-05   5.63850618e-05
   2.80807637e-02   4.51212905e-07]
6
[  1.26257027e-02   5.74784135e-06   3.10068129e-05   4.72435236e-06
   7.50458174e-05   3.63048365e-02   9.91077303e-01   5.36382155e-08